0  294912  327679
1  262144  294911
2  229376  262143
3  196608  229375
4  163840  196607
5  131072  163839
6  98304  131071
7  65536  98303
8  32768  65535
9  0  32767
10  622592  655359
11  589824  622591
12  557056  589823
13  524288  557055
14  491520  524287
15  458752  491519
16  425984  458751
17  393216  425983
18  360448  393215
19  327680  360447
20  950272  983039
21  917504  950271
22  884736  917503
23  851968  884735
24  819200  851967
25  786432  819199
26  753664  786431
27  720896  753663
28  688128  720895
29  655360  688127
30  1277952  1310719
31  1245184  1277951
32  1212416  1245183
33  1179648  1212415
34  1146880  1179647
35  1114112  1146879
36  1081344  1114111
37  1048576  1081343
38  1015808  1048575
39  983040  1015807
40  1605632  1638399
41  1572864  1605631
42  1540096  1572863
43  1507328  1540095
44  1474560  1507327
45  1441792  1474559
46  1409024  1441791
47  1376256  1409023
48  1343488  1376255
49  1310720  1343487
50  1933312  1966079
51  1900544  1933311
52  1867776  1900543
53  1835008  1867775
54  1802240  1835007
55  1769472  1802239
56  1736704  1769471
57  1703936  1736703
58  1671168  1703935
59  1638400  1671167
60  2260992  2293759
61  2228224  2260991
62  2195456  2228223
63  2162688  2195455
64  2129920  2162687
65  2097152  2129919
66  2064384  2097151
67  2031616  2064383
68  1998848  2031615
69  1966080  1998847
70  2588672  2621439
71  2555904  2588671
72  2523136  2555903
73  2490368  2523135
74  2457600  2490367
75  2424832  2457599
76  2392064  2424831
77  2359296  2392063
78  2326528  2359295
79  2293760  2326527
80  2916352  2949119
81  2883584  2916351
82  2850816  2883583
83  2818048  2850815
84  2785280  2818047
85  2752512  2785279
86  2719744  2752511
87  2686976  2719743
88  2654208  2686975
89  2621440  2654207
90  3244032  3276799
91  3211264  3244031
92  3178496  3211263
93  3145728  3178495
94  3112960  3145727
95  3080192  3112959
96  3047424  3080191
97  3014656  3047423
98  2981888  3014655
99  2949120  2981887
100  3571712  3604479
101  3538944  3571711
102  3506176  3538943
103  3473408  3506175
104  3440640  3473407
105  3407872  3440639
106  3375104  3407871
107  3342336  3375103
108  3309568  3342335
109  3276800  3309567
110  3768320  3801087
111  3735552  3768319
112  3702784  3735551
113  3670016  3702783
114  3637248  3670015
115  3604480  3637247
116  3899392  3932159
117  3866624  3899391
118  3833856  3866623
119  3801088  3833855
120  4063232  4095999
121  4030464  4063231
122  3997696  4030463
123  3964928  3997695
124  3932160  3964927
125  4227072  4259839
126  4194304  4227071
127  4161536  4194303
128  4128768  4161535
129  4096000  4128767
130  4259840  4292607
